--- Content from: work.csv ---

ALCALDIA,"Funcionarios, profesionistas, técnicos y administrativos",Trabajadores agropecuarios,Trabajadores en la industria,Comerciantes y trabajadores en servicios diversos,No especificado
Total de la entidad Ciudad de México,43.91,0.39,14.63,39.44,1.62
Álvaro Obregón,42.3,0.14,16.55,39.34,1.66
Azcapotzalco,48.17,0.02,14.19,35.99,1.63
Benito Juárez,69.81,0.01,5.02,24.04,1.12
Coyoacán,54.74,0.04,10.44,32.04,2.74
Cuajimalpa de Morelos,41.6,0.26,16.85,39.82,1.46
Cuauhtémoc,51.26,0.06,8.13,38.54,2.02
Gustavo A. Madero,40.56,0.1,16.79,41.49,1.06
Iztacalco,46.45,0.15,14.2,38.1,1.09
Iztapalapa,34.8,0.1,18.5,45.3,1.31
La Magdalena Contreras,35.87,0.23,17.55,43.5,2.86
Miguel Hidalgo,58.87,0.07,6.87,31.84,2.35
Milpa Alta,22.99,6.95,22.31,46.97,0.79
Tláhuac,33.15,1.3,19.69,44.95,0.91
Tlalpan,44.49,0.72,15.09,37.91,1.8
Venustiano Carranza,42.44,0.04,12.52,43.57,1.44
Xochimilco,35.35,2.66,17.43,41.93,2.63


--- Content from: sport_centers.csv ---

ALCALDIA,HISTORIC_PERCENTAGE
Álvaro Obregón,0.07689057879171948
Azcapotzalco,0.036755386565272496
Benito Juárez,0.058301647655259824
Coyoacán,0.060414026193493876
Cuajimalpa de Morelos,0.026615969581749048
Cuauhtémoc,0.07224334600760456
Gustavo A. Madero,0.13223489649345163
Iztacalco,0.04055766793409379
Iztapalapa,0.1808196028728348
La Magdalena Contreras,0.03126320236586396
Miguel Hidalgo,0.04858470637938318
Milpa Alta,0.017743979721166033
Tlalpan,0.07435572454583861
Tláhuac,0.046894803548795945
Venustiano Carranza,0.04267004647232784
Xochimilco,0.05365441487114491


--- Content from: schools.csv ---

ALCALDIA,NO_ESCUELAS_BASICAS,NO_ESCUELAS_SUPERIORES,NO_ESCUELAS_BASICAS_PORCENTAJE_MUN,NO_ESCUELAS_SUPERIORES_PORCENTAJE_MUN
Total de la entidad Ciudad de México,24975,3692,0.8712107998744201,0.12878920012557993
Azcapotzalco,1155,116,0.9087332808811959,0.09126671911880409
Benito Juárez,1346,379,0.7802898550724637,0.21971014492753624
Coyoacán,1679,458,0.7856808610201217,0.21431913897987834
Cuajimalpa de Morelos,857,63,0.9315217391304348,0.06847826086956521
Cuauhtémoc,1737,754,0.6973103171417102,0.30268968285828984
Gustavo A. Madero,3651,428,0.8950723216474626,0.10492767835253738
Iztacalco,1149,82,0.9333874898456539,0.06661251015434606
Iztapalapa,4241,212,0.9523916460812936,0.04760835391870649
La Magdalena Contreras,575,37,0.9395424836601307,0.06045751633986928
Miguel Hidalgo,1273,325,0.7966207759699625,0.20337922403003755
Milpa Alta,391,19,0.9536585365853658,0.046341463414634146
Tlalpan,1838,329,0.8481772035071528,0.15182279649284725
Tláhuac,873,30,0.9667774086378738,0.03322259136212625
Venustiano Carranza,1228,23,0.9816147082334132,0.01838529176658673
Xochimilco,1051,26,0.9758588672237697,0.02414113277623027
Álvaro Obregón,1931,411,0.8245089666951324,0.17549103330486762


--- Content from: religion.csv ---

NOM_MUN,PCATOLICA,PRO_CRIEVA,POTRAS_REL,PSIN_RELIG,PCATOLICA_PORCENTAJE_MUN,PRO_CRIEVA_PORCENTAJE_MUN,POTRAS_REL_PORCENTAJE_MUN,PSIN_RELIG_PORCENTAJE_MUN
Total de la entidad Ciudad de México,6988016,668246,55245,1472848,0.7608608334499265,0.07275916490597326,0.0060151202779073765,0.16036488136619284
Azcapotzalco,335663,29623,2171,63846,0.7782533392997498,0.06868257350400994,0.005033584278337966,0.14803050291790226
Coyoacán,463550,39559,2881,106925,0.7563038920568105,0.0645423916856334,0.004700488648507542,0.17445322760904855
Cuajimalpa de Morelos,174811,10285,5082,26667,0.8061564712121562,0.047430192072678644,0.023436094906500036,0.12297724180866518
Gustavo A. Madero,901136,90812,4796,174901,0.7691203393519368,0.07750811892680803,0.004093390062689637,0.14927815165856553
Iztacalco,307375,32436,1938,62204,0.7609177305280564,0.08029647013390172,0.004797587838189096,0.1539882114998527
Iztapalapa,1384540,154092,6142,288659,0.7551625829795798,0.08404561279304998,0.003349999700016308,0.15744180452735387
La Magdalena Contreras,199259,13065,1168,33374,0.8071544886699668,0.05292344834849676,0.004731311723769171,0.13519075125776736
Milpa Alta,117841,10820,243,23565,0.7728849798975529,0.0709652453941457,0.0015937666017354348,0.15455600810656592
Álvaro Obregón,608016,41833,2767,103417,0.8042188634623092,0.05533224078843119,0.003659893152812113,0.13678900259644752
Tláhuac,297513,33237,923,60125,0.7593530339613781,0.08483197974466435,0.002355805797885645,0.15345918049607196
Tlalpan,531983,52851,2478,111218,0.7615750218315606,0.07566031523341875,0.003547449644252931,0.15921721329076777
Xochimilco,343974,32610,1297,63640,0.7790660013906473,0.07385832157473823,0.002937572618289957,0.1441381044163245
Benito Juárez,305323,24493,4132,99203,0.7048881336993335,0.05654610055153976,0.009539398500753778,0.22902636724837297
Cuauhtémoc,378996,40236,5277,119709,0.6964047495672689,0.07393360748817569,0.009696481924522894,0.2199651610200324
Miguel Hidalgo,300662,24676,11228,70497,0.7386129419770404,0.060619609249673884,0.027582953989922936,0.17318449478336279
Venustiano Carranza,337374,37618,2722,64898,0.7622341915718508,0.08499091755307131,0.006149855855693023,0.14662503501938493


--- Content from: married.csv ---

NOM_MUN,P12YM_CASA,P12YM_SOLT,P12YM_SEPA,P12YM_CASA_PORCENTAJE_MUN,P12YM_SOLT_PORCENTAJE_MUN,P12YM_SEPA_PORCENTAJE_MUN
Total de la entidad Ciudad de México,3731096,3017529,1160556,0.4717423965894825,0.38152230932633857,0.14673529408417887
Azcapotzalco,171393,147260,58399,0.4545606441551828,0.39055620975356187,0.1548831460912553
Coyoacán,247186,214160,82270,0.4547069990581587,0.39395455615728747,0.1513384447845538
Cuajimalpa de Morelos,92967,67268,21046,0.5128336670693564,0.37107032728195455,0.11609600564868905
Gustavo A. Madero,463694,385423,158203,0.46032442520748124,0.3826222054560616,0.15705336933645714
Iztacalco,158916,134768,56731,0.45350798339112197,0.3845954083015853,0.16189660830729277
Iztapalapa,748864,576503,224877,0.48306202120440395,0.3718788784217194,0.14505910037387662
La Magdalena Contreras,103562,75481,31647,0.49153732972613795,0.3582562057999905,0.15020646447387156
Milpa Alta,66737,41940,15673,0.5366867712102935,0.33727382388419785,0.12603940490550863
Álvaro Obregón,312904,245501,93468,0.48000760884405397,0.37660863389034366,0.14338375726560235
Tláhuac,165051,116646,45138,0.5049979347377117,0.35689568130708155,0.13810638395520675
Tlalpan,295011,221177,83342,0.4920704551898988,0.3689173185662102,0.13901222624389103
Xochimilco,189809,132266,50950,0.5088372093023256,0.3545767709939012,0.1365860197037732
Benito Juárez,176932,161564,54507,0.4502052147184627,0.41110118752274155,0.13869359775879572
Cuauhtémoc,203930,204264,71473,0.4251491138644101,0.4258454302672479,0.149005455868342
Miguel Hidalgo,163915,144097,50462,0.4572577090667663,0.40197336487443996,0.14076892605879365
Venustiano Carranza,170225,149211,62370,0.4458416054226492,0.39080318276821213,0.16335521180913867


--- Content from: cultural.csv ---

ALCALDIA,HISTORIC_PERCENTAGE
Álvaro Obregón,0.044009779951100246
Azcapotzalco,0.023227383863080684
Benito Juárez,0.08068459657701711
Coyoacán,0.08312958435207823
Cuajimalpa de Morelos,0.008557457212713936
Cuauhtémoc,0.2823960880195599
Gustavo A. Madero,0.06845965770171149
Iztacalco,0.02689486552567237
Iztapalapa,0.08190709046454768
La Magdalena Contreras,0.012224938875305624
Miguel Hidalgo,0.13080684596577016
Milpa Alta,0.023227383863080684
Tlalpan,0.040342298288508556
Tláhuac,0.03667481662591687
Venustiano Carranza,0.02689486552567237
Xochimilco,0.030562347188264057


--- Content from: budget.csv ---

Alcaldia,venta,Renta,venta_PORCENTAJE_MUN,Renta_PORCENTAJE_MUN
Álvaro Obregón,6578833.0,15302.0,0.6717205416416556,0.667888787045524
Azcapotzalco,2345500.0,12267.0,0.23948328380132208,0.5354196674086683
Benito Juárez,4855384.0,16429.0,0.4957507160248981,0.717079132294531
Coyoacán,5912716.0,13644.0,0.6037077995585666,0.5955218017546157
Cuajimalpa de Morelos,8081067.0,15641.0,0.8251035863476864,0.6826851730609751
Cuauhtémoc,5226536.0,22911.0,0.5336465590218831,1.0
Gustavo A. Madero,5049058.0,9757.0,0.5155254700248714,0.4258653048753874
Iztacalco,2650977.0,10057.0,0.2706734927485728,0.43895945179171575
Iztapalapa,4150000.0,10459.0,0.42372868376699496,0.45650560865959583
La Magdalena Contreras,7575000.0,11671.0,0.7734324769963824,0.5094059622015625
Miguel Hidalgo,9794003.0,21326.0,1.0,0.9308192571253983
Milpa Alta,3673255.0,16000.0,0.37505144729892365,0.6983545022041814
Tláhuac,2651450.0,17938.0,0.2707217876081925,0.7829426912836629
Tlalpan,4479429.0,16000.0,0.4573644708910136,0.6983545022041814
Venustiano Carranza,4675000.0,10316.0,0.47733291484595214,0.45026406529614593
Xochimilco,2992341.0,15183.0,0.3055278827257864,0.6626947754353804


--- Content from: ages.csv ---

NOM_MUN,POBTOT,POBFEM,POBMAS,P_18YMAS,P_18YMAS_F,P_18YMAS_M,P_60YMAS,P_60YMAS_F,P_60YMAS_M,P_18A24,P_18A24_F,P_18A24_M,P_25A29,P_25A29_F,P_25A29_M,POBTOT_PORCENTAJE_MUN,POBFEM_PORCENTAJE_MUN,POBMAS_PORCENTAJE_MUN,P_18YMAS_PORCENTAJE_MUN,P_18YMAS_F_PORCENTAJE_MUN,P_18YMAS_M_PORCENTAJE_MUN,P_60YMAS_PORCENTAJE_MUN,P_60YMAS_F_PORCENTAJE_MUN,P_60YMAS_M_PORCENTAJE_MUN,P_18A24_PORCENTAJE_MUN,P_18A24_F_PORCENTAJE_MUN,P_18A24_M_PORCENTAJE_MUN,P_25A29_PORCENTAJE_MUN,P_25A29_F_PORCENTAJE_MUN,P_25A29_M_PORCENTAJE_MUN
Total de la entidad Ciudad de México,9209944,4805017,4404927,7166737,3798760,3367977,1491619,853207,638412,984186,487898,496288,752289,380208,372081,1.0,0.5217205446634637,0.47827945533653626,1.0,0.530054332955151,0.469945667044849,1.0,0.5720006248244357,0.42799937517556425,1.0,0.4957375943165215,0.5042624056834786,1.0,0.5054015145775095,0.4945984854224906
Azcapotzalco,432205,227255,204950,345123,184700,160423,78650,45565,33085,43088,21303,21785,34405,17506,16899,1.0,0.5258037273978783,0.47419627260212166,1.0,0.5351715185600496,0.46482848143995037,1.0,0.5793388429752067,0.4206611570247934,1.0,0.4944067953954697,0.5055932046045303,1.0,0.5088213922395001,0.49117860776049993
Coyoacán,614447,325337,289110,500374,269320,231054,126592,73584,53008,63817,31569,32248,47839,23960,23879,1.0,0.5294793529791829,0.4705206470208171,1.0,0.5382373984259774,0.46176260157402266,1.0,0.5812689585439839,0.4187310414560162,1.0,0.4946801009135497,0.5053198990864504,1.0,0.5008465896026255,0.49915341039737454
Cuajimalpa de Morelos,217686,113537,104149,162395,86322,76073,25803,14266,11537,25202,12908,12294,18450,9718,8732,1.0,0.5215631689681468,0.4784368310318532,1.0,0.5315557745004464,0.46844422549955356,1.0,0.5528814478936558,0.4471185521063442,1.0,0.5121815728910404,0.4878184271089596,1.0,0.5267208672086721,0.47327913279132794
Gustavo A. Madero,1173351,609477,563874,911482,480252,431230,203469,116135,87334,126620,61797,64823,91448,45079,46369,1.0,0.5194328039947126,0.4805671960052874,1.0,0.5268913703177901,0.47310862968220985,1.0,0.5707749091999272,0.42922509080007276,1.0,0.48805086084346866,0.5119491391565314,1.0,0.4929468113025982,0.5070531886974018
Iztacalco,404695,212343,192352,319021,170195,148826,70907,40949,29958,42216,20935,21281,31727,16154,15573,1.0,0.5246988472800505,0.4753011527199496,1.0,0.5334915256362434,0.46650847436375664,1.0,0.5775029263683417,0.4224970736316584,1.0,0.4959020276672352,0.5040979723327649,1.0,0.5091562391653797,0.49084376083462034
Iztapalapa,1835486,947835,887651,1383459,725294,658165,262064,146769,115295,209136,103444,105692,151590,76092,75498,1.0,0.5163945679781813,0.48360543202181877,1.0,0.5242612899984749,0.4757387100015252,1.0,0.5600502167409488,0.4399497832590512,1.0,0.494625506847219,0.5053744931527809,1.0,0.5019592321393231,0.4980407678606768
La Magdalena Contreras,247622,129335,118287,189047,100355,88692,38073,21646,16427,27704,13771,13933,19833,10070,9763,1.0,0.52230819555613,0.4776918044438701,1.0,0.5308468264505652,0.4691531735494348,1.0,0.5685393848659155,0.4314606151340845,1.0,0.49707623447877564,0.5029237655212244,1.0,0.5077396258760651,0.49226037412393486
Milpa Alta,152685,78314,74371,108278,56374,51904,16437,8767,7670,18754,9229,9525,12949,6646,6303,1.0,0.5129122048662279,0.48708779513377215,1.0,0.5206413121779124,0.47935868782208757,1.0,0.5333698363448318,0.46663016365516824,1.0,0.49210835021862004,0.50789164978138,1.0,0.5132442659664839,0.4867557340335161
Álvaro Obregón,759137,398130,361007,590251,314600,275651,122319,69602,52717,82778,41501,41277,60708,31159,29549,1.0,0.5244507908322213,0.47554920916777865,1.0,0.5329935908621926,0.4670064091378075,1.0,0.5690203484331952,0.43097965156680484,1.0,0.5013530165019692,0.4986469834980309,1.0,0.5132601963497397,0.48673980365026026
Tláhuac,392313,202123,190190,288877,151415,137462,46196,25335,20861,46722,23017,23705,33430,16937,16493,1.0,0.5152085197278703,0.48479148027212965,1.0,0.5241504169594672,0.4758495830405328,1.0,0.548424105983202,0.451575894016798,1.0,0.4926373014853816,0.5073626985146183,1.0,0.5066407418486389,0.49335925815136106
Tlalpan,699928,365051,334877,539464,286134,253330,108894,61561,47333,79747,39291,40456,56410,28601,27809,1.0,0.5215550742362072,0.4784449257637928,1.0,0.5304042531104949,0.4695957468895051,1.0,0.5653295865704263,0.4346704134295737,1.0,0.49269564999310317,0.5073043500068968,1.0,0.507020031909236,0.49297996809076405
Xochimilco,442178,226726,215452,332325,172725,159600,60987,33715,27272,51340,25450,25890,36563,17952,18611,1.0,0.5127482597505981,0.4872517402494018,1.0,0.5197472353870458,0.4802527646129542,1.0,0.5528227327135291,0.4471772672864709,1.0,0.49571484222828205,0.504285157771718,1.0,0.490988157426907,0.5090118425730931
Benito Juárez,434153,232032,202121,372085,201395,170690,87344,52615,34729,33294,16744,16550,37175,19331,17844,1.0,0.5344475334732226,0.46555246652677745,1.0,0.5412607334345647,0.45873926656543534,1.0,0.6023882579226965,0.39761174207730354,1.0,0.5029134378566709,0.49708656214332914,1.0,0.52,0.48
Cuauhtémoc,545884,284933,260951,444024,234635,209389,93809,55146,38663,51762,25874,25888,50171,25150,25021,1.0,0.5219662052743806,0.47803379472561935,1.0,0.5284286434967479,0.4715713565032521,1.0,0.5878540438550672,0.41214595614493277,1.0,0.49986476565820487,0.5001352343417952,1.0,0.5012856032369297,0.4987143967630703
Miguel Hidalgo,414470,219003,195467,332956,178841,154115,71111,41605,29506,36545,18619,17926,34671,18160,16511,1.0,0.5283928873018554,0.4716071126981446,1.0,0.5371310323285959,0.462868967671404,1.0,0.5850712266737916,0.4149287733262083,1.0,0.5094814612122042,0.4905185387877959,1.0,0.5237806812609962,0.4762193187390038
Venustiano Carranza,443704,233586,210118,347576,186203,161373,78964,45947,33017,45461,22446,23015,34920,17693,17227,1.0,0.526445558300128,0.473554441699872,1.0,0.535718806822105,0.4642811931778949,1.0,0.5818727521402158,0.4181272478597842,1.0,0.49374188865181146,0.5062581113481885,1.0,0.506672394043528,0.49332760595647196


--- Content from: housing_state.csv ---

NOM_MUN,PROM_OCUP,VPH_PISODT,VPH_PISOTI,VPH_C_ELEC,VPH_S_ELEC,VPH_AEASP,VPH_AGUAFV,VPH_DRENAJ,VPH_NODREN,VPH_SNBIEN,VPH_REFRI,VPH_LAVAD,VPH_HMICRO,VPH_AUTOM,VPH_MOTO,VPH_BICI,VPH_RADIO,VPH_TV,VPH_PC,VPH_TELEF,VPH_CEL,VPH_INTER,VPH_STVP,VPH_SPMVPI,VPH_CVJ,BUEN_EDO
Total de la entidad Ciudad de México,3.32,2732051,16199,2746872,1917,2655528,29004,2744306,4207,6180,2580111,2279427,1843092,1289361,214550,550349,2165974,2647911,1649403,1898265,2536523,2084156,1290811,957162,568827,0.9961643869649827
Azcapotzalco,3.21,133490,334,133798,38,132706,239,133748,87,188,128896,115721,97011,64567,9851,33588,106789,130067,86856,96128,123961,105899,66399,50965,31801,0.9989243813583848
Coyoacán,3.2,190701,450,191126,61,190474,133,190986,182,268,184255,167211,143006,109429,14520,36902,154275,184451,133587,145013,179280,157908,101660,80413,44991,0.9991062182485795
Cuajimalpa de Morelos,3.6,59692,591,60308,31,56005,285,60144,137,96,55643,51099,43408,33628,4853,5061,47367,58499,37693,42165,56543,46389,31667,24817,14591,0.9964346571093943
Gustavo A. Madero,3.42,338175,1466,339504,160,336452,755,339341,298,847,318061,276870,217062,143448,24627,66256,264089,327503,185635,228113,306796,246278,143954,95131,60940,0.9983609471954822
Iztacalco,3.43,117149,282,117396,52,116564,93,117387,42,196,111714,97981,79447,53297,8651,26960,92144,114018,72374,82298,108707,91039,53971,40298,25607,0.9991631672957262
Iztapalapa,3.61,500645,2872,503261,300,495107,1278,503213,327,1500,462790,397599,294422,197085,38245,111361,389145,484383,247057,323613,455216,349103,183804,116462,82472,0.9980227050448516
La Magdalena Contreras,3.62,67362,618,67911,76,64656,802,67748,231,190,62927,56903,46528,31226,5245,5764,55272,65741,37699,48042,62286,50653,34426,21456,13357,0.9947646227031136
Milpa Alta,3.9,38001,1027,38879,151,31655,4107,38425,605,274,31136,26378,14769,15372,2968,5670,30411,36675,13896,20252,33845,19798,8170,4273,3030,0.9676893473634692
Álvaro Obregón,3.45,217550,1153,218704,74,215911,417,218480,220,435,206829,187834,157147,109289,16985,20336,176390,211976,134949,154631,203151,169135,120733,83063,49379,0.9982477881591748
Tláhuac,3.67,104766,1908,106424,243,100130,2291,106400,262,359,96869,82512,58660,41517,10871,38434,82506,101918,50871,64849,96419,71996,42449,22015,15852,0.9909203912164524
Tlalpan,3.44,200099,1801,201635,274,167425,8373,201251,649,495,185793,167823,137446,109549,14510,21993,162465,194433,120475,137033,188352,151857,94253,69538,41272,0.9877208579092158
Xochimilco,3.74,114202,2741,116707,248,98535,9821,116144,809,468,104644,88997,66010,50436,12247,33091,93953,111686,58591,74442,106703,77848,37859,26763,17813,0.9752800627991004
Benito Juárez,2.46,175564,129,175762,29,175492,43,175751,33,114,173596,157519,146509,117981,13355,36766,140916,169785,149689,141364,170360,161786,122608,112039,54473,0.9997214201090593
Cuauhtémoc,2.75,195486,256,195726,82,195261,183,195673,131,343,187837,163848,137214,74419,15170,47753,151662,186150,130963,138201,183557,157682,98006,87040,45215,0.9992955982135128
Miguel Hidalgo,2.81,144245,228,144483,45,144171,109,144398,129,177,140796,128315,112847,83032,12292,31432,112959,139522,109631,109265,137103,124777,88559,77955,39658,0.9992680478568905
Venustiano Carranza,3.26,134924,343,135248,53,134984,75,135217,65,230,128325,112817,91606,55086,10160,28982,105631,131104,79437,92856,124244,102008,62293,44934,28376,0.9991689584189134


--- Content from: recreational.csv ---

ALCALDIA,HISTORIC_PERCENTAGE
Álvaro Obregón,0.06125
Azcapotzalco,0.03375
Benito Juárez,0.056875
Coyoacán,0.059375
Cuajimalpa de Morelos,0.02875
Cuauhtémoc,0.165
Gustavo A. Madero,0.1125
Iztacalco,0.02875
Iztapalapa,0.169375
La Magdalena Contreras,0.01625
Miguel Hidalgo,0.06375
Milpa Alta,0.006875
Tlalpan,0.06625
Tláhuac,0.034375
Venustiano Carranza,0.0675
Xochimilco,0.029375

--- Content from: security_for_women.csv ---

NOM_MUN,Women_Security_SCORE,normalized
Benito Juárez,2.0740740740740744,0.9999999999999998
Cuajimalpa de Morelos,1.8429752066115703,0.70360670382139
Cuauhtémoc,1.8053691275167785,0.6553754430556171
Milpa Alta,1.7734877734877736,0.6144863650992869
Miguel Hidalgo,1.7634574570711943,0.6016220937289101
Álvaro Obregón,1.6825466200466201,0.49785079469312055
Coyoacán,1.6642305570876998,0.4743597307471228
La Magdalena Contreras,1.6578874793160507,0.46622448651464565
Tlalpan,1.653879015721121,0.4610834758703335
Venustiano Carranza,1.5608716475095785,0.341797904565708
Azcapotzalco,1.4243786356425172,0.16674030200437828
Gustavo A. Madero,1.415641376167692,0.15553442651158145
Iztacalco,1.3829787234042552,0.11364330250569177
Iztapalapa,1.3384615384615386,0.056548279381420485
Tláhuac,1.3020344287949923,0.009829092814748419
Xochimilco,1.294370651486401,0.0


--- Content from: security_everyone.csv ---

NOM_MUN,General_Security_SCORE,normalized
Benito Juárez,566,0.9999999999999998
Miguel Hidalgo,487,0.6308411214953271
Cuajimalpa de Morelos,482,0.6074766355140186
Cuauhtémoc,482,0.6074766355140186
La Magdalena Contreras,460,0.5046728971962617
Coyoacán,458,0.49532710280373826
Venustiano Carranza,454,0.4766355140186913
Milpa Alta,449,0.45327102803738284
Tlalpan,444,0.4299065420560748
Álvaro Obregón,428,0.35514018691588767
Iztacalco,407,0.2570093457943925
Azcapotzalco,391,0.18224299065420557
Gustavo A. Madero,385,0.15420560747663536
Iztapalapa,374,0.10280373831775691
Xochimilco,364,0.05607476635514019
Tláhuac,352,0.0


--- Content from: green_spaces.csv ---

Alcaldía,Habitantes (Año 2015),Superficie (m²),Superficie por habitante (m²),Habitantes (Año 2015)_PORCENTAJE,Superficie (m²)_PORCENTAJE
Total de la entidad Ciudad de México,8918653.0,67311573.8,7.5,1.0,1.0
Azcapotzalco,400161.0,3980866.7,9.9,0.044867874106101,0.059140894726784715
Coyoacán,608479.0,9157547.7,15.0,0.0682254371820498,0.13604714884856844
Cuajimalpa de Morelos,199224.0,2048957.7,10.3,0.022337902371580103,0.030439901852361683
Gustavo A. Madero,1164477.0,7851619.6,6.7,0.13056646558622698,0.11664590733428966
Iztacalco,390348.0,1944289.0,5.0,0.04376759584659253,0.028884913696669505
Iztapalapa,1827868.0,9834858.6,5.4,0.20494888633967484,0.1461094733755876
La Magdalena Contreras,243886.0,1335114.4,5.5,0.027345609252877087,0.019834841538053594
Milpa Alta,137927.0,309724.0,2.2,0.015465003515665427,0.004601348364254113
Álvaro Obregón,749982.0,4913463.7,6.6,0.08409139810686658,0.07299582259953043
Tláhuac,361593.0,3054084.7,8.4,0.04054345426377728,0.04537235615786479
Tlalpan,677104.0,6530744.7,9.6,0.07591998477797039,0.09702261188253483
Xochimilco,415933.0,2092259.6,5.0,0.04663630258963994,0.031083207268584177
Benito Juárez,417416.0,929230.8,2.2,0.04680258330490041,0.01380491864238658
Cuauhtémoc,532553.0,1915961.0,3.6,0.059712268209111845,0.028464064823277093
Miguel Hidalgo,364439.0,5607701.5,15.4,0.040862560747682415,0.08330961799618479
Venustiano Carranza,427263.0,5805150.1,13.6,0.047906673799283366,0.08624297089306802


--- Content from: health_centers.csv ---

Demarcación territorial,NUMERO_CENTROS,NUMERO_CENTROS_PORCENTAJE
Ciudad de México,497,1.0
Álvaro Obregón,29,0.05835010060362173
Azcapotzalco,27,0.05432595573440644
Benito Juárez,25,0.05030181086519115
Coyoacán,27,0.05432595573440644
Cuajimalpa de Morelos,14,0.028169014084507043
Cuauhtémoc,70,0.14084507042253522
Gustavo A. Madero,58,0.11670020120724346
Iztacalco,11,0.022132796780684104
Iztapalapa,65,0.13078470824949698
La Magdalena Contreras,14,0.028169014084507043
Miguel Hidalgo,27,0.05432595573440644
Milpa Alta,16,0.03219315895372234
Tláhuac,21,0.04225352112676056
Tlalpan,40,0.08048289738430583
Venustiano Carranza,30,0.060362173038229376
Xochimilco,23,0.04627766599597585


--- Content from: restaurant.csv ---

alcaldia,tipo
Azcapotzalco,0.030508474576271188
Benito Juárez,0.1367231638418079
Coyoacán,0.08248587570621468
Cuajimalpa de Morelos,0.030508474576271188
Cuauhtémoc,0.27570621468926554
Gustavo A. Madero,0.04745762711864407
Iztacalco,0.005649717514124294
Iztapalapa,0.03615819209039548
La Magdalena Contreras,0.007909604519774011
Miguel Hidalgo,0.16610169491525423
Milpa Alta,0.003389830508474576
Tlalpan,0.04180790960451977
Tláhuac,0.006779661016949152
Venustiano Carranza,0.023728813559322035
Xochimilco,0.005649717514124294
Álvaro Obregón,0.09943502824858758


--- Content from: transportation.csv ---

Alcaldias,Lineas de metro,Lineas de metrobus,Estaciones Ecobici,LineasRTP,Lineas de metro_PORCENTAJE_MUN,Lineas de metrobus_PORCENTAJE_MUN,Estaciones Ecobici_PORCENTAJE_MUN,LineasRTP_PORCENTAJE_MUN
Total de la entidad Ciudad de México,42,30,677,252,1.0,1.0,1.0,1.0
Álvaro Obregón,3,1,17,28,0.07142857142857142,0.03333333333333333,0.025110782865583457,0.1111111111111111
Azcapotzalco,2,2,28,9,0.047619047619047616,0.06666666666666667,0.0413589364844904,0.03571428571428571
Benito Juárez,4,3,213,18,0.09523809523809523,0.1,0.31462333825701627,0.07142857142857142
Coyoacán,2,2,37,31,0.047619047619047616,0.06666666666666667,0.05465288035450517,0.12301587301587301
Cuajimalpa de Morelos,0,0,0,13,0.0,0.0,0.0,0.051587301587301584
Cuauhtémoc,7,5,243,13,0.16666666666666666,0.16666666666666666,0.35893648449039883,0.051587301587301584
Gustavo A. Madero,5,5,0,18,0.11904761904761904,0.16666666666666666,0.0,0.07142857142857142
Iztacalco,5,3,0,9,0.11904761904761904,0.1,0.0,0.03571428571428571
Iztapalapa,3,2,0,22,0.07142857142857142,0.06666666666666667,0.0,0.0873015873015873
La Magdalena Contreras,0,0,0,5,0.0,0.0,0.0,0.01984126984126984
Miguel Hidalgo,4,2,139,23,0.09523809523809523,0.06666666666666667,0.20531757754800592,0.09126984126984126
Milpa Alta,0,0,0,6,0.0,0.0,0.0,0.023809523809523808
Tláhuac,1,0,0,9,0.023809523809523808,0.0,0.0,0.03571428571428571
Tlalpan,0,2,0,24,0.0,0.06666666666666667,0.0,0.09523809523809523
Venustiano Carranza,6,2,0,9,0.14285714285714285,0.06666666666666667,0.0,0.03571428571428571
Xochimilco,0,1,0,15,0.0,0.03333333333333333,0.0,0.05952380952380952


